0.765869 0.040414
0.214435 0.625596
0.692149 0.358359
0.857673 0.786333
0.855725 0.429444
0.458719 0.798848
0.276453 0.562138
0.397181 0.718583
0.825192 0.294053
0.507090 0.279687
0.006479 0.400213
0.800283 0.901967
0.175852 0.257402
0.143131 0.368149
0.118137 0.154225
0.250913 0.999833
0.671772 0.309357
0.013514 0.849044
0.874305 0.814568
0.346841 0.891946
0.925488 0.454462
0.476212 0.462338
0.116905 0.371456
0.801183 0.194702
0.760906 0.842396
0.265659 0.560112
0.066603 0.012302
0.462815 0.672999
0.857027 0.291067
0.541272 0.422761
0.999035 0.260572
0.347108 0.141432
0.426396 0.362501
0.135746 0.957095
0.676463 0.341252
0.618377 0.702459
0.932194 0.401690
0.069519 0.748989
0.663769 0.308101
0.715469 0.419202
0.097865 0.198535
0.647820 0.693242
0.907695 0.717841
0.061872 0.770531
0.713190 0.183064
0.706699 0.673310
0.208238 0.886433
0.051769 0.486097
0.990725 0.314068
0.824458 0.013547
0.461092 0.012607
0.253443 0.608962
0.476486 0.071308
0.564877 0.676636
0.800060 0.703797
0.021426 0.883485
0.768810 0.211464
0.068640 0.428850
0.018341 0.689634
0.958813 0.816124
0.549284 0.197964
0.559386 0.445802
0.897578 0.758155
0.921137 0.006800
0.679657 0.464867
0.580766 0.081346
0.323604 0.199894
0.503218 0.598496
0.368631 0.924941
0.030928 0.772279
0.317765 0.294992
0.200390 0.942728
0.662449 0.382099
0.310838 0.301502
0.362744 0.628499
0.685505 0.828560
0.763181 0.758360
0.152828 0.892297
0.651783 0.269019
0.893138 0.872806
0.928610 0.295461
0.945795 0.856377
0.140211 0.095849
0.852376 0.919094
0.957629 0.141315
0.623448 0.768363
0.528192 0.809778
0.459623 0.543420
0.515059 0.981440
0.432005 0.389349
0.553583 0.412693
0.632798 0.013881
0.799785 0.625531
0.143760 0.812199
0.223827 0.191155
0.538363 0.302213
0.310121 0.709326
0.532911 0.551251
0.865769 0.489097
0.832561 0.994816
0.710314 0.921930
0.180068 0.549071
0.122320 0.804801
0.108289 0.200901
0.052088 0.418734
0.921837 0.322911
0.274858 0.997315
0.988999 0.805427
0.855131 0.330110
0.511892 0.723541
0.520284 0.637456
0.561043 0.664489
0.800446 0.526023
0.309945 0.029097
0.081635 0.788568
0.085862 0.590793
0.040451 0.046719
0.065006 0.346611
0.281154 0.752181
0.183430 0.226901
0.379752 0.859641
0.109357 0.543872
0.954744 0.563729
0.928350 0.153877
0.830491 0.852746
0.529632 0.184281
0.836680 0.273493
0.550026 0.833011
0.296166 0.224355
0.131420 0.187350
0.793516 0.297911
0.678295 0.228261
0.387840 0.679712
0.263790 0.187509
0.036077 0.376417
0.325944 0.207081
0.626644 0.094400
0.820143 0.813864
0.688443 0.918971
0.049507 0.067286
0.536472 0.554768
0.981809 0.363583
0.342838 0.779428
0.979753 0.787607
0.380784 0.935532
0.520778 0.591538
0.479321 0.739906
0.663273 0.849603
0.547421 0.424702
0.727986 0.588892
0.879196 0.241311
0.906560 0.728570
0.835330 0.655987
0.283558 0.973260
0.411036 0.145169
0.064011 0.401124
0.147117 0.358849
0.635407 0.863111
0.818241 0.561926
0.461236 0.467093
0.341330 0.686341
0.702604 0.359073
0.387015 0.030879
0.895086 0.733387
0.248370 0.630908
0.969924 0.504784
0.623700 0.586875
0.401815 0.357505
0.103953 0.188285
0.289970 0.949959
0.320332 0.498952
0.734772 0.898318
0.904012 0.179669
0.959286 0.788319
0.637370 0.716075
0.243033 0.871811
0.434959 0.892302
0.884858 0.293041
0.082466 0.305118
0.092380 0.659408
0.983203 0.948639
0.907426 0.522389
0.514207 0.416247
0.020032 0.866569
0.977832 0.064246
0.597984 0.018180
0.549722 0.560868
0.064538 0.479289
0.070380 0.604582
0.093908 0.069736
0.005069 0.237294
0.962223 0.416170
0.405558 0.100837
0.791097 0.265989
0.247300 0.189284
0.151627 0.323721
0.086878 0.134959
0.958529 0.308384
0.587119 0.832606
0.577295 0.712531
0.091069 0.254053
0.591664 0.307245
0.091030 0.634795
0.734375 0.781988
0.135189 0.824278
0.071071 0.034257
0.441886 0.483251
0.645389 0.531186
0.250341 0.984433
0.442702 0.853714
0.726752 0.326827
0.710607 0.003687
0.065897 0.109350
0.386217 0.305205
0.280972 0.626086
0.623425 0.763787
0.058144 0.443286
0.187766 0.560375
0.967363 0.397359
0.792147 0.951941
0.267250 0.813447
0.283624 0.226433
0.519430 0.885772
0.959586 0.517015
0.236455 0.583806
0.191105 0.219055
0.827515 0.152399
0.961884 0.473006
0.177405 0.259375
0.893144 0.677339
0.296785 0.110690
0.817958 0.277893
0.615521 0.401089
0.992959 0.143472
0.655966 0.797344
0.590986 0.682286
0.019318 0.761444
0.205206 0.479759
0.845721 0.912764
0.713325 0.645502
0.167581 0.801065
0.000019 0.245679
0.865596 0.916269
0.716279 0.166759
0.258295 0.996347
0.466358 0.507613
0.708417 0.211201
0.556122 0.129112
0.013247 0.598327
0.711051 0.303915
0.761070 0.205106
0.977773 0.503808
0.282198 0.752951
0.359960 0.237964
0.300544 0.280120
0.607544 0.512711
0.900534 0.142875
0.977659 0.921870
0.964164 0.958737
0.716352 0.596450
0.804306 0.560985
0.472034 0.243479
0.322914 0.800102
0.844811 0.285947
0.656556 0.075757
0.800221 0.679343
0.936745 0.811992
0.731613 0.324984
0.488840 0.698644
0.542272 0.126298
0.520794 0.413638
0.236588 0.641468
0.111866 0.713624
0.158971 0.974320
0.101405 0.234549
0.199871 0.015038
0.299129 0.079087
0.000197 0.393308
0.290863 0.284485
0.428564 0.538681
0.997468 0.562188
0.380241 0.056448
0.059753 0.279748
0.252311 0.222019
0.068448 0.515855
0.286487 0.772823
0.635837 0.160932
0.339185 0.333902
0.314467 0.458584
0.537860 0.751918
0.408367 0.087306
0.713299 0.331981
0.793502 0.867186
0.459448 0.472675
0.966742 0.442966
0.165542 0.476921
0.676393 0.842645
0.389705 0.379761
0.652396 0.639937
0.498851 0.478886
0.150574 0.559238
0.586644 0.879703
0.252852 0.753350
0.299420 0.773978
0.124166 0.657076
0.349414 0.359538
0.716821 0.273885
0.175259 0.278276
0.734320 0.988221
0.421690 0.200653
0.019273 0.512603
0.653501 0.717130
0.913731 0.376537
0.993253 0.010446
0.555372 0.443353
0.177870 0.877361
0.519227 0.301430
0.866194 0.544488
0.692190 0.017886
0.897717 0.380042
0.776335 0.665634
0.602133 0.041827
0.357103 0.238849
0.190021 0.821495
0.043728 0.057194
0.716858 0.946096
0.791772 0.525802
0.105772 0.380170
0.151473 0.165815
0.238799 0.235083
0.850622 0.159431
0.182135 0.237071
0.816968 0.263719
0.197736 0.831411
0.472723 0.839092
0.311808 0.407359
0.892485 0.911171
0.860154 0.816997
0.205973 0.638862
0.610970 0.830822
0.448229 0.296843
0.777644 0.423934
0.912502 0.897241
0.477237 0.818842
0.944806 0.873143
0.964759 0.024461
0.034185 0.825667
0.279022 0.205524
0.999015 0.196702
0.772735 0.592669
0.047192 0.870995
0.367718 0.800649
0.496876 0.134140
0.275477 0.360610
0.984463 0.117103
0.354089 0.992101
0.057783 0.843295
0.234221 0.641456
0.155025 0.260777
0.840304 0.595421
0.103708 0.190056
0.957276 0.042365
0.439049 0.947028
0.048989 0.298152
0.037345 0.510957
0.621255 0.539717
0.787565 0.499011
0.040733 0.296628
0.283110 0.881700
0.870193 0.139373
0.805729 0.327681
0.461432 0.972865
0.194909 0.301741
0.758972 0.094605
0.548551 0.556360
0.010885 0.709199
0.084559 0.455127
0.357447 0.904368
0.908001 0.645367
0.074054 0.188351
0.874793 0.957702
0.581682 0.564558
0.220385 0.051857
0.206385 0.776549
0.130739 0.250879
0.068711 0.794922
0.972901 0.210046
0.414600 0.837380
0.473784 0.552093
0.161218 0.214264
0.738291 0.366953
0.424372 0.074023
0.631731 0.522130
0.318547 0.686616
0.716480 0.058836
0.376272 0.247519
0.629156 0.559459
0.520450 0.311026
0.512119 0.263467
0.641421 0.868737
0.871862 0.881739
0.479983 0.777611
0.026939 0.513408
0.698223 0.711685
0.129349 0.804649
0.731941 0.062543
0.595810 0.505440
0.261615 0.245833
0.669202 0.878206
0.913260 0.684621
0.745427 0.991303
0.106214 0.335094
0.047295 0.790719
0.801771 0.996082
0.204517 0.984904
0.274784 0.801131
0.307730 0.200540
0.929729 0.230305
0.044481 0.571146
0.613428 0.698628
0.596409 0.905759
0.838512 0.279073
0.079378 0.851543
0.824895 0.400201
0.442146 0.012025
0.290904 0.422048
0.904139 0.811765
0.481436 0.838595
0.209232 0.008609
0.007360 0.481098
0.199954 0.146276
0.688591 0.503823
0.475345 0.912903
0.742670 0.122165
0.185695 0.325225
0.341323 0.042907
0.338732 0.893491
0.769420 0.277293
0.344317 0.438735
0.163904 0.559872
0.908544 0.031951
0.084655 0.909502
0.803120 0.603759
0.974965 0.963657
0.482257 0.133549
0.906158 0.593150
0.996792 0.968651
0.869104 0.961595
0.164064 0.746975
0.274747 0.632441
0.492132 0.600610
0.256470 0.546108
0.928153 0.803287
0.828995 0.690735
0.103361 0.791154
0.951721 0.072301
0.380778 0.534205
0.068778 0.153321
0.676929 0.564780
0.753768 0.274078
0.725028 0.579923
0.674066 0.696303
0.174721 0.425968
0.207710 0.816459
0.682199 0.446594
0.695353 0.784257
0.934573 0.629680
0.490362 0.231746
0.373678 0.723637
0.682135 0.069321
0.236999 0.510519
0.610786 0.337194
0.417239 0.721031
0.065848 0.914365
0.557036 0.655693
0.367233 0.481850
0.741669 0.436740
0.363663 0.512903
0.130119 0.956951
0.751899 0.220199
0.873617 0.014450
0.019554 0.328402
0.710890 0.826639
0.744901 0.260301
0.700578 0.101737
0.949035 0.825645
0.653833 0.113041
0.688881 0.784046
0.963924 0.768857
0.103982 0.716801
0.694671 0.500148
0.685645 0.487201
0.985878 0.898300
0.623941 0.194867
0.061400 0.427027
0.706238 0.936906
0.384345 0.205253
0.390323 0.877121
0.793887 0.811936
0.355873 0.094261
0.779498 0.299153
0.049913 0.431265
0.400927 0.116339
0.485103 0.099677
0.746039 0.446465
0.824064 0.106896
0.233680 0.533993
0.088658 0.668636
0.515023 0.944853
0.670023 0.644967
0.204365 0.340237
0.183347 0.695517
0.179170 0.268892
0.610761 0.287899
0.729157 0.686672
0.606423 0.913156
0.405556 0.397487
0.299733 0.862993
0.024158 0.376355
0.925840 0.705778
0.909601 0.983146
0.136969 0.161803
0.133367 0.404689
0.903781 0.422972
0.194244 0.273269
0.502899 0.088125
0.317554 0.301151
0.204878 0.792358
0.308239 0.943606
0.926324 0.297255
0.682935 0.557022
0.290536 0.278602
0.627444 0.254044
0.252937 0.299181
0.178567 0.674265
0.690752 0.486445
0.913040 0.186874
0.130791 0.248353
0.341357 0.620724
0.094843 0.955384
0.150560 0.477700
0.379142 0.892698
0.417599 0.726781
0.952491 0.943680
0.923664 0.699141
0.057053 0.404530
0.739946 0.308641
0.526511 0.049338
0.326529 0.807487
0.298166 0.066015
0.488714 0.553396
0.588743 0.765717
0.668798 0.812460
0.228071 0.031843
0.216439 0.451028
0.200479 0.319433
0.476965 0.480241
0.530646 0.641770
0.764574 0.808496
0.268829 0.388198
0.546121 0.229919
0.479795 0.005673
0.451256 0.631083
0.820436 0.546263
0.045957 0.633512
0.502993 0.833798
0.659026 0.406138
0.183940 0.535121
0.934935 0.179726
0.593024 0.734825
0.201421 0.074382
0.522603 0.707118
0.186529 0.211601
0.134341 0.454438
0.097347 0.723936
0.408497 0.239631
0.581451 0.198200
0.960436 0.777035
0.632129 0.292216
0.379668 0.967479
0.069751 0.750504
0.708642 0.063243
0.834150 0.810859
0.671668 0.931204
0.956726 0.041662
0.788761 0.645892
0.745983 0.978840
0.564882 0.988904
0.416506 0.541759
0.531928 0.557103
0.118933 0.098927
0.039036 0.089243
0.087263 0.227245
0.336122 0.309153
0.409874 0.662630
0.676306 0.053328
0.751917 0.675203
0.874722 0.701763
0.209304 0.118820
0.004428 0.963078
0.358264 0.702593
0.684521 0.878473
0.479526 0.611138
0.721217 0.503767
0.882428 0.460633
0.699605 0.104759
0.231842 0.719391
0.491900 0.858376
0.789538 0.144483
0.547490 0.990542
0.521695 0.490059
0.260671 0.001430
0.095542 0.728372
0.673947 0.129755
0.890631 0.291086
0.267874 0.489954
0.284065 0.386341
0.612894 0.379619
0.634023 0.276107
0.214219 0.099233
0.582212 0.508745
0.967786 0.252282
0.523435 0.493267
0.263436 0.900997
0.349223 0.474673
0.920891 0.141484
0.862548 0.923789
0.824781 0.631724
0.581896 0.590456
0.336868 0.356894
0.005546 0.985446
0.306787 0.448686
0.790663 0.854393
0.777049 0.188789
0.716873 0.286093
0.283680 0.421414
0.750258 0.457879
0.990838 0.475719
0.001271 0.662420
0.765855 0.356230
0.878843 0.183069
0.700618 0.397817
0.282989 0.789075
0.515826 0.801507
0.249535 0.107248
0.746595 0.468421
0.063091 0.893318
0.601054 0.331306
0.488218 0.274061
0.907961 0.946646
0.433753 0.360362
0.625058 0.455050
0.061553 0.241754
0.966799 0.143575
0.078463 0.264553
0.328213 0.750900
0.709092 0.668582
0.831134 0.344723
0.637027 0.111553
0.499647 0.070472
0.023403 0.345554
0.783529 0.321431
0.564287 0.326673
0.391644 0.912564
0.432114 0.336648
0.171635 0.653839
0.861466 0.274525
0.077947 0.313547
0.085772 0.136679
0.107109 0.338105
0.309027 0.845129
0.447385 0.852069
0.405442 0.006948
0.989296 0.400517
0.079972 0.891656
0.774211 0.615747
0.293931 0.898854
0.920082 0.491161
0.862483 0.054941
0.056582 0.227471
0.264560 0.625611
0.326337 0.679798
0.870795 0.759942
0.564557 0.279015
0.991379 0.192223
0.356338 0.926605
0.373232 0.419277
0.289043 0.769578
0.034743 0.443887
0.866582 0.950439
0.616294 0.129028
0.233090 0.396934
0.746141 0.442973
0.065408 0.467283
0.273709 0.391931
0.736932 0.798831
0.606194 0.234727
0.129817 0.021517
0.799355 0.653142
0.278188 0.092308
0.499727 0.911877
0.361906 0.882692
0.312957 0.683712
0.438633 0.308582
0.681821 0.138273
0.701320 0.730438
0.897466 0.096936
0.978934 0.571149
0.438744 0.541734
0.660130 0.100188
0.437027 0.532739
0.212765 0.114785
0.697683 0.636255
0.996536 0.812350
0.374443 0.295235
0.121710 0.493066
0.089164 0.183719
0.693817 0.857604
0.017037 0.478643
0.902350 0.572092
0.216084 0.155291
0.060913 0.460966
0.269821 0.866688
0.886948 0.158063
0.133249 0.702634
0.021062 0.297279
0.924884 0.140669
0.029142 0.356351
0.291327 0.799100
0.904893 0.080793
0.885891 0.181329
0.396036 0.009747
0.449131 0.461076
0.314381 0.001483
0.956617 0.499694
0.358114 0.813516
0.308122 0.709609
0.874063 0.730764
0.072403 0.082042
0.418374 0.954935
0.873054 0.682499
0.935941 0.969259
0.103461 0.184142
0.872090 0.374959
0.792656 0.556981
0.554453 0.759279
0.608917 0.859937
0.738601 0.999672
0.184263 0.193190
0.297941 0.034664
0.170503 0.259813
0.656549 0.539191
0.696308 0.658536
0.713002 0.130652
0.184816 0.983623
0.683960 0.701656
0.812558 0.043152
0.508150 0.226420
0.243028 0.023611
0.194574 0.919991
0.652034 0.226588
0.773171 0.942963
0.476974 0.082399
0.311837 0.939064
0.768495 0.505883
0.800602 0.568967
0.500515 0.301187
0.571959 0.860931
0.703399 0.245186
0.325717 0.637319
0.825079 0.683338
0.757441 0.495789
0.296255 0.957078
0.251446 0.824930
0.878292 0.748478
0.092478 0.116323
0.006264 0.475754
0.174621 0.398514
0.004609 0.202291
0.241651 0.963083
0.749157 0.132218
0.279955 0.678983
0.076837 0.657159
0.803303 0.098559
0.003139 0.091648
0.418174 0.247109
0.597473 0.688788
0.239014 0.457603
0.187839 0.263085
0.434687 0.863126
0.418750 0.764002
0.430581 0.191862
0.570182 0.441612
0.065220 0.322902
0.460304 0.824844
0.305901 0.655868
0.201082 0.593165
0.964806 0.723365
0.053368 0.564137
0.225172 0.632448
0.636861 0.442143
0.686549 0.859815
0.790400 0.677681
0.068817 0.645116
0.449305 0.771971
0.676557 0.727799
0.009043 0.628221
0.218532 0.455085
0.778266 0.098763
0.601456 0.352186
0.289337 0.706350
0.872871 0.090576
0.430704 0.628264
0.574898 0.416116
0.593075 0.423513
0.388767 0.006064
0.280086 0.656194
0.099450 0.412463
0.924225 0.522252
0.590401 0.219134
0.970052 0.822185
0.790292 0.290487
0.639303 0.138858
0.236828 0.522578
0.176233 0.877441
0.197117 0.820308
0.786628 0.903584
0.089751 0.119420
0.930159 0.876291
0.290645 0.147879
0.103345 0.013573
0.272874 0.278500
0.759128 0.951785
0.430148 0.263105
0.549135 0.563669
0.864212 0.858287
0.645980 0.085495
0.878411 0.353762
0.505507 0.670242
0.912787 0.796575
0.062643 0.531673
0.180513 0.267877
0.019593 0.173214
0.321110 0.913709
0.581389 0.805920
0.972849 0.557227
0.721335 0.951416
0.284842 0.627015
0.817693 0.398528
0.038799 0.824605
0.292988 0.136453
0.231062 0.424073
0.708598 0.622649
0.677437 0.347516
0.619831 0.760218
0.446532 0.192498
0.380497 0.257447
0.701703 0.200959
0.000994 0.621216
0.837375 0.753887
0.110242 0.896389
0.632437 0.351948
0.049323 0.404861
0.511558 0.199577
0.133480 0.160826
0.904675 0.448430
0.159165 0.342890
0.125610 0.875890
0.304119 0.189038
0.152627 0.275258
0.670995 0.947061
0.186960 0.116495
0.858844 0.060873
0.889727 0.099870
0.111793 0.602290
0.753305 0.069570
0.790576 0.068161
0.150179 0.380339
0.140064 0.054368
0.220423 0.217402
0.584785 0.991040
0.908388 0.558439
0.074419 0.077443
0.139838 0.436084
0.322567 0.790365
0.342698 0.910394
0.134623 0.856393
0.257722 0.692981
0.404378 0.376351
0.259826 0.677959
0.774000 0.869269
0.216471 0.729590
0.398354 0.363592
0.246418 0.952491
0.732135 0.304949
0.610334 0.327486
0.767102 0.972646
0.364116 0.034671
0.686732 0.301171
0.336524 0.004981
0.476875 0.488305
0.454552 0.242524
0.633585 0.538093
0.433200 0.242174
0.743041 0.934728
0.370673 0.390401
0.373529 0.972537
0.845730 0.582028
0.415755 0.877592
0.700799 0.411581
0.735291 0.748080
0.812651 0.205153
0.759723 0.513409
0.801832 0.847134
0.413160 0.566139
0.812723 0.825928
0.631989 0.456169
0.208006 0.173723
0.548360 0.053215
0.264481 0.007635
0.311627 0.881472
0.731596 0.192987
0.433043 0.909445
0.419703 0.244257
0.485267 0.938291
0.821990 0.955160
0.965816 0.873620
0.142183 0.406589
0.142341 0.588537
0.999528 0.939596
0.737690 0.789833
0.513240 0.400332
0.383968 0.284571
0.430513 0.464840
0.877375 0.310900
0.455338 0.133810
0.399379 0.144827
0.959808 0.550908
0.034814 0.023718
0.815250 0.142979
0.113795 0.537701
0.167414 0.706441
0.131874 0.031721
0.598160 0.471383
0.261651 0.233852
0.265443 0.363373
0.759089 0.279575
0.294110 0.652703
0.889085 0.537087
0.901895 0.931776
0.347366 0.155290
0.488201 0.893565
0.539593 0.053983
0.187632 0.697550
0.493568 0.154877
0.195948 0.804267
0.626757 0.012382
0.512971 0.035591
0.068861 0.644743
0.615207 0.275064
0.747951 0.288951
0.970290 0.661115
0.988755 0.006936
0.236071 0.345684
0.942931 0.555928
0.449065 0.891783
0.773728 0.702441
0.500137 0.165728
0.151221 0.207235
0.719727 0.143279
0.279339 0.037649
0.450566 0.393601
0.372191 0.974105
0.072768 0.131015
0.224754 0.669169
0.064328 0.631642
0.281746 0.390371
0.329482 0.500602
0.398572 0.132151
0.208044 0.745102
0.309515 0.517592
0.290754 0.859745
0.670860 0.927242
0.408828 0.162627
0.430469 0.590154
0.940315 0.434231
0.190320 0.951378
0.881545 0.505908
0.174852 0.490518
0.968845 0.820652
0.395468 0.307520
0.503876 0.146147
0.610345 0.214755
0.435356 0.558526
0.718756 0.778531
0.680606 0.534995
0.300364 0.738538
0.632241 0.494474
0.112527 0.500324